# Sparse Autoencoders / Mechanistic Interpretability seeds

arXiv:2309.08600
arXiv:2406.04093
arXiv:2408.05147
